1600 3170
0 1 45
0 40 343
1 2 11
1 41 797
2 3 595
2 42 950
3 4 745
3 43 922
4 5 599
4 44 589
5 6 601
5 45 528
6 7 34
6 46 452
7 8 696
7 47 479
8 9 854
8 48 969
9 10 450
9 49 729
10 11 835
10 50 731
11 12 639
11 51 868
11 1412 530
12 13 103
12 52 172
13 14 511
13 53 521
14 15 889
14 54 96
14 897 85
15 16 752
15 55 745
16 17 165
16 56 725
17 18 874
17 57 335
18 19 624
18 58 742
19 20 556
19 59 396
20 21 547
20 60 786
21 22 608
21 61 73
22 23 31
22 62 796
23 24 111
23 63 63
24 25 791
24 64 222
25 26 157
25 65 865
26 27 115
26 66 74
27 28 852
27 67 418
27 1581 452
28 29 976
28 68 201
29 30 628
29 69 627
30 31 533
30 70 184
31 32 548
31 71 726
32 33 1
32 72 569
33 34 504
33 73 61
34 35 389
34 74 226
35 36 968
35 75 266
36 37 549
36 76 42
37 38 244
37 77 25
38 39 210
38 78 414
39 79 810
40 41 877
40 80 307
41 42 18
41 81 131
42 43 886
42 82 899
42 1162 701
43 44 896
43 83 478
44 45 48
44 84 946
45 46 537
45 85 512
46 47 21
46 86 260
47 48 822
47 87 739
48 49 348
48 88 337
49 50 81
49 89 63
50 51 337
50 90 308
51 52 655
51 91 730
52 53 417
52 92 664
53 54 27
53 93 186
54 55 190
54 94 642
55 56 290
55 95 353
56 57 103
56 96 675
57 58 962
57 97 154
57 1087 156
58 59 764
58 98 585
59 60 55
59 99 423
60 61 432
60 100 921
61 62 555
61 101 561
62 63 202
62 102 905
63 64 940
63 103 550
64 65 483
64 104 197
65 66 422
65 105 122
66 67 514
66 106 62
67 68 739
67 107 268
68 69 6
68 108 173
69 70 269
69 109 412
70 71 734
70 110 257
71 72 495
71 111 541
72 73 573
72 112 562
73 74 409
73 113 845
74 75 756
74 114 738
75 76 112
75 115 79
76 77 678
76 116 857
77 78 182
77 117 999
78 79 176
78 118 84
79 119 968
80 81 256
80 120 456
81 82 327
81 121 291
82 83 489
82 122 598
83 84 478
83 123 872
84 85 893
84 124 674
85 86 696
85 125 724
86 87 368
86 126 294
87 88 363
87 127 789
88 89 680
88 128 159
89 90 399
89 129 422
90 91 359
90 130 919
91 92 353
91 131 660
92 93 639
92 132 423
93 94 477
93 133 970
94 95 336
94 134 863
95 96 246
95 135 938
96 97 290
96 136 747
97 98 565
97 137 447
98 99 97
98 138 203
99 100 867
99 139 359
100 101 171
100 140 243
101 102 667
101 141 478
102 103 163
102 142 135
103 104 429
103 143 514
104 105 534
104 144 291
105 106 868
105 145 616
106 107 393
106 146 754
107 108 612
107 147 749
108 109 611
108 148 465
109 110 54
109 149 136
110 111 613
110 150 630
111 112 315
111 151 752
112 113 687
112 152 907
113 114 401
113 153 603
114 115 776
114 154 23
115 116 628
115 155 417
115 1456 20
116 117 973
116 156 130
117 118 957
117 157 1
118 119 519
118 158 272
119 159 156
120 121 137
120 160 532
120 434 540
121 122 191
121 161 804
122 123 285
122 162 494
123 124 1000
123 163 112
124 125 381
124 164 938
125 126 16
125 165 726
126 127 678
126 166 673
127 128 900
127 167 153
128 129 372
128 168 253
129 130 843
129 169 765
130 131 458
130 170 748
131 132 56
131 171 390
132 133 504
132 172 63
133 134 421
133 173 729
134 135 76
134 174 482
135 136 260
135 175 370
136 137 384
136 176 739
136 666 249
137 138 35
137 177 948
138 139 2
138 178 846
139 140 614
139 179 197
139 761 859
140 141 553
140 180 137
141 142 541
141 181 239
142 143 975
142 182 743
143 144 976
143 183 478
144 145 714
144 184 753
145 146 11
145 185 339
146 147 248
146 186 92
147 148 999
147 187 316
148 149 874
148 188 53
149 150 590
149 189 228
150 151 351
150 190 833
151 152 772
151 191 260
152 153 509
152 192 614
153 154 44
153 193 680
154 155 633
154 194 619
154 920 138
155 156 555
155 195 867
156 157 827
156 196 281
157 158 529
157 197 94
158 159 573
158 198 750
159 199 301
160 161 74
160 200 287
161 162 766
161 201 786
162 163 673
162 202 291
163 164 187
163 203 582
164 165 275
164 204 448
165 166 822
165 205 876
166 167 581
166 206 804
167 168 959
167 207 804
168 169 277
168 208 340
169 170 380
169 209 637
170 171 724
170 210 331
171 172 345
171 211 569
172 173 971
172 212 39
173 174 864
173 213 992
174 175 39
174 214 400
175 176 720
175 215 241
176 177 67
176 216 340
177 178 474
177 217 63
178 179 975
178 218 744
179 180 689
179 219 85
180 181 626
180 220 96
181 182 813
181 221 336
182 183 910
182 222 713
183 184 187
183 223 733
183 1460 61
184 185 485
184 224 651
185 186 454
185 225 398
185 1339 853
186 187 549
186 226 699
187 188 562
187 227 212
188 189 546
188 228 767
189 190 282
189 229 989
190 191 497
190 230 307
191 192 835
191 231 357
192 193 23
192 232 702
193 194 753
193 233 274
194 195 844
194 234 818
195 196 15
195 235 936
196 197 745
196 236 299
197 198 947
197 237 857
198 199 980
198 238 369
199 239 641
200 201 593
200 240 102
201 202 478
201 241 260
202 203 584
202 242 984
203 204 761
203 243 189
204 205 273
204 244 841
205 206 666
205 245 767
206 207 90
206 246 738
207 208 894
207 247 426
208 209 429
208 248 593
209 210 429
209 249 216
210 211 442
210 250 485
211 212 87
211 251 475
212 213 413
212 252 312
213 214 30
213 253 106
214 215 404
214 254 446
215 216 787
215 255 360
216 217 981
216 256 265
217 218 313
217 257 133
218 219 570
218 258 285
219 220 967
219 259 229
220 221 395
220 260 332
221 222 207
221 261 748
222 223 66
222 262 880
223 224 464
223 263 987
224 225 669
224 264 641
225 226 456
225 265 176
226 227 707
226 266 667
227 228 743
227 267 738
228 229 465
228 268 45
229 230 96
229 269 372
230 231 421
230 270 205
231 232 413
231 271 339
232 233 767
232 272 308
233 234 419
233 273 761
234 235 71
234 274 825
235 236 411
235 275 827
236 237 90
236 276 479
237 238 796
237 277 562
238 239 807
238 278 391
239 279 82
240 241 196
240 280 562
241 242 898
241 281 504
242 243 104
242 282 691
243 244 68
243 283 521
244 245 499
244 284 348
245 246 873
245 285 541
245 1250 297
246 247 568
246 286 477
246 1505 747
247 248 118
247 287 158
248 249 912
248 288 818
249 250 454
249 289 684
250 251 695
250 290 230
251 252 341
251 291 821
252 253 245
252 292 693
253 254 202
253 293 989
254 255 335
254 294 305
255 256 870
255 295 238
256 257 762
256 296 565
257 258 729
257 297 949
258 259 123
258 298 695
259 260 217
259 299 369
260 261 942
260 300 303
261 262 456
261 301 337
262 263 591
262 302 328
263 264 201
263 303 224
264 265 780
264 304 832
264 561 932
265 266 124
265 305 655
266 267 206
266 306 36
267 268 703
267 307 324
268 269 654
268 308 783
269 270 299
269 309 900
270 271 500
270 310 126
271 272 141
271 311 221
272 273 279
272 312 470
273 274 924
273 313 919
274 275 963
274 314 281
275 276 363
275 315 787
276 277 79
276 316 706
276 1193 476
276 1359 836
277 278 801
277 317 532
278 279 942
278 318 514
279 319 409
280 281 896
280 320 943
281 282 528
281 321 518
282 283 595
282 322 609
283 284 192
283 323 926
284 285 819
284 324 427
285 286 630
285 325 269
286 287 184
286 326 990
286 817 973
287 288 627
287 327 851
288 289 224
288 328 936
289 290 380
289 329 686
290 291 443
290 330 363
291 292 231
291 331 846
292 293 376
292 332 359
293 294 646
293 333 917
294 295 89
294 334 238
295 296 639
295 335 216
296 297 491
296 336 809
296 1561 517
297 298 883
297 337 777
298 299 470
298 338 495
299 300 759
299 339 756
300 301 547
300 340 149
301 302 20
301 341 294
302 303 402
302 342 8
303 304 683
303 343 219
304 305 589
304 344 2
305 306 906
305 345 641
306 307 469
306 346 632
307 308 238
307 347 148
308 309 750
308 348 619
309 310 710
309 349 34
310 311 784
310 350 60
311 312 226
311 351 105
312 313 890
312 352 682
313 314 808
313 353 374
314 315 515
314 354 901
315 316 337
315 355 489
316 317 82
316 356 184
317 318 730
317 357 44
318 319 74
318 358 391
319 359 632
320 321 986
320 360 12
321 322 361
321 361 934
321 1282 653
322 323 237
322 362 348
323 324 754
323 363 681
324 325 916
324 364 457
325 326 750
325 365 526
326 327 967
326 366 402
327 328 394
327 367 954
328 329 750
328 368 390
329 330 349
329 369 79
330 331 665
330 370 402
331 332 127
331 371 882
332 333 430
332 372 824
333 334 324
333 373 355
334 335 939
334 374 358
335 336 179
335 375 449
336 337 510
336 376 688
337 338 431
337 377 994
338 339 432
338 378 742
339 340 201
339 379 909
340 341 71
340 380 330
341 342 375
341 381 939
342 343 667
342 382 307
343 344 824
343 383 328
344 345 407
344 384 970
344 1563 264
345 346 993
345 385 93
346 347 839
346 386 242
347 348 243
347 387 928
348 349 668
348 388 712
349 350 929
349 389 743
350 351 402
350 390 927
351 352 53
351 391 262
352 353 174
352 392 833
353 354 99
353 393 569
354 355 715
354 394 975
355 356 712
355 395 299
356 357 756
356 396 112
357 358 169
357 397 109
358 359 715
358 398 4
359 399 581
360 361 140
360 400 119
361 362 769
361 401 701
362 363 780
362 402 885
363 364 769
363 403 473
364 365 162
364 404 902
365 366 190
365 405 247
366 367 87
366 406 461
367 368 830
367 407 89
368 369 940
368 408 630
369 370 510
369 409 695
370 371 920
370 410 249
371 372 970
371 411 13
372 373 930
372 412 547
373 374 870
373 413 900
374 375 212
374 414 978
375 376 961
375 415 648
376 377 561
376 416 322
377 378 222
377 417 563
378 379 991
378 418 548
379 380 243
379 419 375
380 381 347
380 420 147
381 382 453
381 421 889
382 383 913
382 422 647
383 384 455
383 423 526
384 385 810
384 424 929
385 386 153
385 425 177
386 387 531
386 426 568
387 388 699
387 427 74
388 389 849
388 428 867
389 390 938
389 429 961
390 391 646
390 430 189
391 392 648
391 431 505
392 393 270
392 432 379
393 394 436
393 433 629
394 395 109
394 434 240
395 396 779
395 435 858
396 397 790
396 436 22
397 398 835
397 437 730
398 399 295
398 438 698
399 439 18
400 401 867
400 426 623
400 440 286
401 402 346
401 441 276
402 403 210
402 442 863
402 951 915
403 404 124
403 443 5
404 405 207
404 444 430
405 406 891
405 445 119
406 407 895
406 446 887
406 1284 181
407 408 166
407 447 565
408 409 832
408 448 697
409 410 982
409 449 814
410 411 62
410 450 649
411 412 245
411 451 922
412 413 997
412 452 431
413 414 952
413 453 869
414 415 926
414 454 358
415 416 648
415 455 993
416 417 179
416 456 296
417 418 1000
417 457 417
418 419 459
418 458 301
419 420 669
419 459 926
420 421 657
420 460 737
421 422 978
421 461 536
422 423 181
422 462 291
423 424 560
423 463 653
424 425 174
424 464 65
425 426 681
425 465 699
426 427 735
426 466 209
427 428 176
427 467 211
428 429 177
428 468 669
429 430 779
429 469 147
430 431 463
430 470 453
431 432 380
431 471 786
432 433 282
432 472 975
433 434 576
433 473 784
434 435 320
434 474 8
435 436 939
435 475 761
436 437 144
436 476 653
437 438 426
437 477 116
438 439 308
438 478 291
439 479 351
440 441 493
440 480 980
441 442 987
441 481 552
441 1595 235
442 443 994
442 482 786
443 444 112
443 483 998
444 445 938
444 484 585
445 446 646
445 485 294
446 447 888
446 486 126
447 448 775
447 487 42
448 449 402
448 488 807
449 450 133
449 489 15
450 451 250
450 490 438
451 452 397
451 491 410
452 453 130
452 492 87
453 454 220
453 493 423
454 455 855
454 494 542
455 456 197
455 495 547
455 1595 780
456 457 246
456 496 867
457 458 541
457 497 395
458 459 722
458 498 35
459 460 536
459 499 613
460 461 867
460 500 951
461 462 860
461 501 77
462 463 390
462 502 703
463 464 312
463 503 981
464 465 832
464 504 754
465 466 804
465 505 628
466 467 142
466 506 6
467 468 633
467 507 274
468 469 125
468 508 989
469 470 326
469 509 607
470 471 654
470 510 645
470 1231 953
471 472 296
471 511 733
472 473 16
472 512 694
473 474 693
473 513 959
474 475 271
474 514 809
475 476 19
475 515 196
476 477 116
476 516 1
477 478 99
477 517 602
478 479 848
478 518 220
479 519 181
480 481 249
480 520 711
481 482 834
481 521 218
482 483 847
482 522 824
483 484 804
483 523 329
484 485 406
484 524 149
485 486 260
485 525 583
486 487 538
486 526 72
487 488 183
487 527 612
488 489 262
488 528 896
489 490 471
489 529 987
490 491 797
490 530 5
491 492 792
491 531 345
492 493 44
492 532 647
493 494 736
493 533 320
494 495 790
494 534 436
495 496 19
495 535 324
496 497 519
496 536 990
497 498 861
497 537 6
498 499 855
498 538 592
499 500 181
499 539 926
500 501 477
500 540 979
501 502 574
501 541 359
502 503 161
502 542 130
503 504 698
503 543 819
504 505 878
504 544 668
505 506 984
505 545 920
506 507 538
506 546 292
506 767 540
507 508 294
507 547 136
508 509 273
508 548 152
509 510 751
509 549 287
510 511 388
510 550 505
511 512 267
511 551 900
512 513 892
512 552 953
513 514 718
513 553 501
514 515 210
514 554 370
515 516 563
515 555 45
516 517 740
516 556 9
517 518 984
517 557 487
518 519 241
518 558 239
519 559 23
520 521 830
520 560 977
521 522 289
521 561 138
522 523 163
522 562 132
523 524 503
523 563 18
524 525 164
524 564 95
525 526 728
525 565 674
526 527 985
526 566 721
527 528 411
527 567 75
528 529 88
528 568 337
529 530 213
529 569 558
530 531 911
530 570 166
531 532 91
531 571 275
532 533 130
532 572 825
533 534 191
533 573 759
534 535 734
534 574 94
535 536 633
535 575 52
536 537 437
536 576 476
537 538 423
537 577 553
538 539 612
538 578 203
539 540 20
539 579 244
540 541 998
540 580 868
541 542 541
541 581 800
542 543 556
542 582 797
543 544 864
543 583 249
544 545 634
544 584 941
545 546 263
545 585 957
546 547 420
546 586 408
547 548 286
547 587 550
548 549 626
548 588 506
549 550 403
549 589 212
549 1584 93
550 551 469
550 590 171
551 552 304
551 591 614
552 553 214
552 592 742
552 1181 283
553 554 522
553 593 156
554 555 146
554 594 358
555 556 20
555 595 625
556 557 895
556 596 691
557 558 323
557 597 504
558 559 588
558 598 494
559 599 961
560 561 579
560 600 791
561 562 258
561 601 1000
562 563 349
562 602 918
563 564 498
563 603 613
564 565 876
564 604 693
565 566 292
565 605 238
566 567 589
566 606 845
567 568 792
567 607 708
568 569 446
568 608 871
569 570 65
569 609 70
570 571 980
570 610 384
571 572 296
571 611 953
572 573 385
572 612 718
573 574 275
573 613 365
574 575 713
574 614 341
575 576 56
575 615 243
576 577 781
576 616 468
577 578 592
577 617 904
578 579 766
578 618 361
579 580 762
579 619 345
580 581 951
580 620 295
581 582 355
581 621 32
582 583 805
582 622 571
582 917 230
583 584 403
583 623 713
584 585 707
584 624 303
585 586 746
585 625 591
586 587 953
586 626 671
587 588 622
587 627 181
588 589 850
588 628 958
589 590 2
589 629 340
590 591 242
590 630 681
591 592 727
591 631 726
591 1459 294
592 593 686
592 632 539
593 594 669
593 633 791
594 595 970
594 634 28
595 596 494
595 635 282
596 597 373
596 636 512
597 598 149
597 637 448
598 599 685
598 638 679
599 639 670
600 601 755
600 640 866
601 602 995
601 641 182
602 603 837
602 642 605
603 604 312
603 643 792
604 605 835
604 644 123
605 606 662
605 645 351
606 607 531
606 646 650
607 608 773
607 647 660
608 609 562
608 648 29
609 610 347
609 649 118
609 1445 366
610 611 35
610 650 22
611 612 63
611 651 339
612 613 110
612 652 642
613 614 858
613 653 28
614 615 946
614 654 387
615 616 18
615 655 594
615 812 74
616 617 692
616 656 758
617 618 820
617 657 151
618 619 20
618 658 762
619 620 857
619 659 850
620 621 633
620 660 775
621 622 315
621 661 247
622 623 216
622 662 678
623 624 770
623 663 337
624 625 679
624 664 59
625 626 832
625 665 284
626 627 707
626 666 304
626 1482 259
627 628 648
627 667 533
628 629 724
628 668 997
629 630 24
629 669 800
630 631 757
630 670 920
631 632 314
631 671 790
632 633 719
632 672 27
633 634 666
633 673 201
634 635 584
634 674 10
635 636 201
635 675 742
636 637 292
636 676 289
637 638 82
637 677 263
638 639 949
638 678 791
639 679 175
640 641 789
640 680 176
641 642 671
641 681 547
642 643 570
642 682 990
643 644 886
643 683 51
644 645 918
644 684 560
645 646 343
645 685 591
646 647 592
646 686 603
647 648 406
647 687 656
648 649 730
648 688 216
649 650 473
649 689 716
650 651 161
650 690 93
651 652 960
651 691 425
652 653 873
652 692 913
653 654 484
653 693 528
654 655 381
654 694 581
655 656 901
655 695 202
656 657 370
656 696 348
657 658 412
657 697 309
658 659 579
658 698 736
659 660 242
659 699 521
660 661 341
660 700 143
660 1509 955
661 662 879
661 701 310
662 663 576
662 702 477
663 664 314
663 703 210
664 665 24
664 704 147
665 666 446
665 705 761
666 667 556
666 706 119
667 668 628
667 707 868
668 669 256
668 708 441
669 670 10
669 709 385
669 782 733
670 671 694
670 710 220
671 672 112
671 711 533
672 673 646
672 712 654
673 674 917
673 713 817
674 675 249
674 714 447
675 676 347
675 715 624
676 677 754
676 716 763
677 678 419
677 717 475
678 679 556
678 718 395
679 719 897
680 681 8
680 720 487
681 682 304
681 721 456
682 683 929
682 722 785
682 1530 238
683 684 484
683 723 120
684 685 294
684 724 418
685 686 599
685 725 39
686 687 563
686 726 554
687 688 172
687 727 263
688 689 893
688 728 667
689 690 124
689 729 136
690 691 451
690 730 875
691 692 479
691 731 685
692 693 822
692 732 599
693 694 273
693 733 717
694 695 760
694 734 481
695 696 423
695 735 429
696 697 81
696 736 836
697 698 886
697 737 797
698 699 911
698 738 756
699 700 854
699 739 653
700 701 517
700 740 449
701 702 254
701 741 853
702 703 319
702 742 386
703 704 431
703 743 2
704 705 163
704 744 621
705 706 143
705 745 274
706 707 590
706 746 869
707 708 585
707 747 208
708 709 469
708 748 116
709 710 52
709 749 426
710 711 473
710 750 834
711 712 304
711 751 689
712 713 672
712 752 171
713 714 695
713 753 122
714 715 833
714 754 721
715 716 640
715 755 293
716 717 788
716 756 643
717 718 990
717 757 471
718 719 2
718 758 270
719 759 937
720 721 695
720 760 243
721 722 620
721 761 875
722 723 386
722 762 708
722 1220 601
723 724 617
723 763 7
724 725 256
724 764 647
725 726 2
725 765 364
726 727 933
726 766 174
727 728 429
727 767 452
728 729 425
728 768 798
729 730 8
729 769 50
730 731 477
730 770 248
731 732 954
731 771 569
732 733 9
732 772 770
733 734 938
733 773 912
734 735 129
734 774 419
735 736 850
735 775 272
736 737 780
736 776 191
737 738 517
737 777 379
738 739 132
738 778 32
739 740 325
739 779 689
740 741 294
740 780 269
741 742 374
741 781 627
741 789 542
742 743 369
742 782 900
743 744 554
743 783 249
744 745 87
744 784 56
744 853 602
745 746 447
745 785 454
746 747 405
746 786 192
747 748 678
747 787 847
748 749 601
748 788 303
749 750 790
749 789 924
750 751 910
750 790 161
751 752 848
751 791 723
752 753 876
752 792 152
753 754 282
753 793 715
754 755 706
754 794 853
755 756 255
755 795 239
756 757 764
756 796 152
757 758 279
757 797 680
758 759 965
758 798 964
759 799 329
760 761 612
760 800 102
761 762 300
761 801 133
762 763 453
762 802 18
763 764 577
763 803 274
764 765 83
764 804 738
765 766 164
765 805 477
766 767 812
766 806 599
767 768 916
767 807 148
768 769 180
768 808 942
769 770 912
769 809 838
770 771 157
770 810 741
771 772 389
771 811 35
772 773 959
772 812 348
773 774 917
773 813 228
774 775 413
774 814 304
775 776 499
775 815 485
776 777 857
776 816 107
777 778 607
777 817 27
778 779 820
778 818 124
779 780 639
779 819 250
780 781 998
780 820 274
780 1068 257
781 782 978
781 821 502
782 783 119
782 822 679
783 784 572
783 823 562
784 785 466
784 824 117
785 786 31
785 825 577
786 787 300
786 826 553
787 788 990
787 827 912
788 789 597
788 828 106
789 790 830
789 829 812
790 791 267
790 830 712
791 792 191
791 831 834
792 793 921
792 832 409
793 794 731
793 833 727
794 795 691
794 834 330
795 796 449
795 835 939
796 797 932
796 836 411
797 798 317
797 837 867
798 799 47
798 838 608
799 839 976
800 801 106
800 840 263
801 802 265
801 841 143
802 803 583
802 842 783
803 804 11
803 843 222
804 805 158
804 844 654
805 806 249
805 845 630
806 807 970
806 846 434
807 808 567
807 847 854
808 809 180
808 848 227
809 810 266
809 849 581
810 811 460
810 850 295
811 812 714
811 851 631
812 813 244
812 852 872
813 814 60
813 853 984
813 1106 858
814 815 759
814 854 455
815 816 455
815 855 241
816 817 784
816 856 929
817 818 533
817 857 121
818 819 66
818 858 505
819 820 936
819 859 920
820 821 495
820 860 893
821 822 656
821 861 45
822 823 600
822 862 834
823 824 538
823 863 83
824 825 618
824 864 793
825 826 778
825 865 492
826 827 736
826 866 193
827 828 188
827 867 716
828 829 165
828 868 51
829 830 583
829 869 610
830 831 463
830 870 453
831 832 244
831 871 645
832 833 77
832 872 672
833 834 734
833 873 914
834 835 590
834 874 881
835 836 103
835 875 179
836 837 311
836 876 831
837 838 38
837 877 357
838 839 689
838 878 919
839 879 483
840 841 810
840 880 494
841 842 473
841 881 139
842 843 240
842 882 250
843 844 93
843 883 657
844 845 983
844 884 901
845 846 989
845 885 671
846 847 366
846 886 677
847 848 763
847 887 235
848 849 302
848 888 756
849 850 725
849 889 815
850 851 36
850 890 338
851 852 584
851 891 98
852 853 280
852 892 405
853 854 749
853 893 530
854 855 290
854 894 807
855 856 276
855 895 789
856 857 576
856 896 147
857 858 677
857 897 781
858 859 454
858 898 749
859 860 943
859 899 3
860 861 261
860 900 842
861 862 347
861 901 631
862 863 418
862 902 308
863 864 433
863 903 470
864 865 470
864 904 424
865 866 412
865 905 392
865 1075 752
866 867 168
866 906 822
867 868 803
867 907 828
868 869 785
868 908 76
869 870 680
869 909 863
870 871 89
870 910 794
871 872 122
871 911 919
872 873 124
872 912 456
873 874 148
873 913 596
874 875 177
874 914 545
875 876 660
875 915 776
876 877 994
876 916 334
877 878 532
877 917 927
878 879 389
878 918 297
879 919 770
880 881 208
880 920 377
881 882 920
881 921 305
882 883 212
882 922 920
883 884 935
883 923 224
884 885 801
884 924 642
885 886 968
885 925 918
886 887 247
886 926 398
887 888 28
887 927 434
888 889 553
888 928 371
889 890 834
889 929 444
890 891 160
890 930 25
891 892 971
891 931 204
892 893 530
892 932 384
893 894 223
893 933 685
894 895 545
894 934 630
895 896 954
895 935 335
896 897 980
896 936 361
897 898 524
897 937 294
898 899 746
898 938 392
899 900 364
899 939 866
900 901 237
900 940 28
901 902 158
901 941 681
902 903 51
902 942 831
903 904 331
903 943 33
904 905 140
904 944 83
905 906 680
905 945 188
906 907 209
906 946 283
907 908 930
907 947 164
908 909 524
908 948 581
909 910 956
909 949 547
910 911 829
910 950 891
911 912 941
911 951 583
912 913 104
912 952 444
913 914 32
913 953 160
914 915 655
914 954 734
915 916 31
915 955 843
916 917 713
916 956 290
917 918 874
917 957 781
918 919 971
918 958 626
919 959 145
920 921 262
920 960 730
921 922 494
921 961 560
922 923 800
922 962 621
923 924 15
923 963 729
924 925 445
924 964 366
925 926 837
925 965 946
926 927 232
926 966 970
927 928 392
927 967 231
928 929 372
928 968 79
929 930 872
929 969 356
930 931 323
930 970 258
931 932 25
931 971 570
932 933 66
932 972 826
933 934 446
933 973 709
934 935 475
934 974 216
935 936 495
935 975 764
936 937 174
936 976 185
937 938 38
937 977 320
938 939 22
938 978 93
939 940 66
939 979 336
940 941 755
940 980 238
941 942 592
941 981 82
942 943 76
942 982 678
943 944 257
943 983 198
944 945 671
944 984 692
945 946 991
945 985 718
946 947 846
946 986 607
947 948 455
947 987 170
947 1159 149
948 949 342
948 988 303
949 950 411
949 989 910
950 951 851
950 990 61
951 952 737
951 991 958
952 953 684
952 992 3
953 954 467
953 993 273
954 955 39
954 994 486
955 956 502
955 995 627
956 957 477
956 996 838
957 958 964
957 997 707
958 959 10
958 998 174
959 999 600
960 961 413
960 1000 150
961 962 286
961 1001 550
962 963 672
962 1002 956
963 964 347
963 1003 360
964 965 554
964 1004 522
965 966 803
965 1005 5
966 967 457
966 1006 468
967 968 766
967 1007 138
968 969 405
968 1008 922
969 970 474
969 1009 879
970 971 727
970 1010 347
971 972 305
971 1011 572
972 973 625
972 1012 212
973 974 359
973 1013 46
974 975 424
974 1014 396
975 976 509
975 1015 792
976 977 112
976 1016 103
977 978 494
977 1017 240
978 979 898
978 1018 766
979 980 352
979 1019 393
980 981 918
980 1020 259
981 982 712
981 1021 788
982 983 879
982 1022 40
983 984 148
983 1023 319
984 985 156
984 1024 618
985 986 690
985 1025 339
986 987 907
986 1026 181
987 988 434
987 1027 924
988 989 528
988 1028 383
989 990 780
989 1029 821
990 991 621
990 1030 337
991 992 472
991 1031 264
992 993 520
992 1032 939
993 994 357
993 1033 796
994 995 486
994 1034 983
995 996 673
995 1035 134
996 997 533
996 1036 235
997 998 478
997 1037 453
998 999 474
998 1038 837
999 1039 844
1000 1001 595
1000 1040 731
1001 1002 388
1001 1041 40
1002 1003 666
1002 1042 892
1003 1004 91
1003 1043 912
1004 1005 504
1004 1044 698
1005 1006 563
1005 1045 97
1006 1007 137
1006 1046 140
1007 1008 786
1007 1047 841
1008 1009 766
1008 1048 535
1009 1010 940
1009 1049 859
1010 1011 913
1010 1050 68
1011 1012 232
1011 1051 563
1012 1013 229
1012 1052 599
1013 1014 226
1013 1053 213
1014 1015 661
1014 1054 964
1015 1016 701
1015 1055 951
1016 1017 846
1016 1056 820
1017 1018 238
1017 1057 583
1018 1019 771
1018 1058 66
1019 1020 152
1019 1059 613
1020 1021 205
1020 1060 630
1021 1022 761
1021 1061 99
1022 1023 906
1022 1062 569
1023 1024 279
1023 1063 911
1024 1025 285
1024 1064 878
1025 1026 738
1025 1065 617
1026 1027 878
1026 1066 22
1027 1028 10
1027 1067 708
1028 1029 831
1028 1068 609
1029 1030 648
1029 1069 934
1030 1031 540
1030 1070 192
1031 1032 967
1031 1071 525
1032 1033 135
1032 1072 149
1033 1034 502
1033 1073 47
1034 1035 72
1034 1074 179
1035 1036 919
1035 1075 195
1036 1037 697
1036 1076 898
1037 1038 936
1037 1077 213
1038 1039 228
1038 1078 238
1039 1079 851
1040 1041 490
1040 1080 286
1041 1042 77
1041 1081 129
1042 1043 122
1042 1082 620
1043 1044 512
1043 1083 763
1044 1045 215
1044 1084 650
1045 1046 484
1045 1085 281
1046 1047 239
1046 1086 440
1047 1048 289
1047 1087 250
1048 1049 659
1048 1088 752
1049 1050 987
1049 1089 621
1050 1051 302
1050 1090 128
1051 1052 210
1051 1091 545
1052 1053 255
1052 1092 336
1053 1054 474
1053 1093 525
1054 1055 716
1054 1094 946
1055 1056 555
1055 1095 490
1056 1057 276
1056 1096 614
1057 1058 647
1057 1097 532
1058 1059 451
1058 1098 334
1059 1060 532
1059 1099 454
1060 1061 81
1060 1100 567
1061 1062 385
1061 1101 147
1062 1063 330
1062 1102 919
1063 1064 681
1063 1103 2
1064 1065 882
1064 1104 195
1065 1066 271
1065 1105 79
1066 1067 831
1066 1106 42
1067 1068 576
1067 1107 907
1068 1069 250
1068 1108 400
1069 1070 737
1069 1109 688
1070 1071 659
1070 1110 470
1071 1072 451
1071 1111 494
1072 1073 509
1072 1112 9
1073 1074 179
1073 1113 502
1074 1075 174
1074 1114 571
1075 1076 962
1075 1115 820
1076 1077 9
1076 1116 133
1077 1078 565
1077 1117 839
1078 1079 640
1078 1118 32
1079 1119 42
1080 1081 985
1080 1120 33
1081 1082 123
1081 1121 248
1082 1083 648
1082 1122 951
1083 1084 139
1083 1123 201
1084 1085 26
1084 1124 563
1085 1086 337
1085 1125 258
1086 1087 278
1086 1126 262
1087 1088 235
1087 1127 849
1088 1089 91
1088 1128 356
1089 1090 926
1089 1129 651
1090 1091 402
1090 1130 101
1091 1092 588
1091 1131 976
1092 1093 100
1092 1132 895
1093 1094 910
1093 1133 329
1094 1095 851
1094 1134 630
1095 1096 615
1095 1135 213
1096 1097 436
1096 1136 187
1097 1098 226
1097 1137 637
1098 1099 777
1098 1138 656
1099 1100 671
1099 1139 680
1100 1101 588
1100 1140 381
1101 1102 76
1101 1141 162
1102 1103 191
1102 1123 217
1102 1142 220
1103 1104 211
1103 1143 201
1104 1105 438
1104 1144 479
1104 1285 605
1105 1106 611
1105 1145 897
1106 1107 718
1106 1146 289
1107 1108 821
1107 1147 246
1108 1109 434
1108 1148 814
1109 1110 950
1109 1149 355
1110 1111 772
1110 1150 666
1111 1112 825
1111 1151 185
1112 1113 114
1112 1152 617
1113 1114 611
1113 1153 313
1114 1115 128
1114 1154 392
1115 1116 103
1115 1155 356
1116 1117 258
1116 1156 171
1117 1118 498
1117 1157 148
1118 1119 364
1118 1158 901
1119 1159 695
1120 1121 875
1120 1160 93
1121 1122 729
1121 1161 836
1122 1123 972
1122 1162 114
1123 1124 985
1123 1163 388
1124 1125 822
1124 1164 420
1125 1126 508
1125 1165 383
1126 1127 808
1126 1166 930
1127 1128 102
1127 1167 106
1128 1129 107
1128 1168 298
1129 1130 53
1129 1169 749
1130 1131 369
1130 1170 496
1131 1132 169
1131 1171 600
1132 1133 942
1132 1172 295
1133 1134 526
1133 1173 272
1134 1135 832
1134 1174 848
1135 1136 409
1135 1175 788
1136 1137 154
1136 1176 947
1137 1138 664
1137 1177 92
1138 1139 243
1138 1178 294
1139 1140 225
1139 1179 606
1140 1141 3
1140 1180 426
1141 1142 174
1141 1181 610
1142 1143 634
1142 1182 975
1143 1144 261
1143 1183 688
1144 1145 782
1144 1184 704
1145 1146 502
1145 1185 411
1146 1147 407
1146 1186 960
1147 1148 164
1147 1187 629
1148 1149 481
1148 1188 316
1149 1150 76
1149 1189 188
1150 1151 358
1150 1190 1000
1151 1152 83
1151 1191 139
1152 1153 751
1152 1192 807
1153 1154 85
1153 1193 665
1154 1155 155
1154 1194 573
1155 1156 916
1155 1195 195
1156 1157 114
1156 1196 719
1157 1158 593
1157 1197 741
1158 1159 484
1158 1198 770
1159 1199 406
1160 1161 293
1160 1200 91
1161 1162 297
1161 1201 953
1162 1163 758
1162 1202 67
1163 1164 129
1163 1203 274
1164 1165 206
1164 1204 790
1165 1166 458
1165 1205 753
1166 1167 643
1166 1206 663
1167 1168 639
1167 1207 206
1168 1169 397
1168 1208 112
1169 1170 183
1169 1209 414
1170 1171 972
1170 1210 576
1171 1172 89
1171 1211 589
1172 1173 687
1172 1212 235
1173 1174 249
1173 1213 487
1174 1175 718
1174 1214 70
1175 1176 938
1175 1215 536
1176 1177 74
1176 1216 238
1177 1178 498
1177 1217 227
1178 1179 450
1178 1218 484
1179 1180 168
1179 1219 473
1180 1181 86
1180 1220 445
1181 1182 885
1181 1221 583
1182 1183 597
1182 1222 453
1183 1184 19
1183 1223 543
1184 1185 402
1184 1224 46
1185 1186 513
1185 1225 158
1186 1187 672
1186 1226 620
1187 1188 137
1187 1227 425
1188 1189 560
1188 1228 194
1189 1190 462
1189 1229 939
1190 1191 68
1190 1230 473
1191 1192 510
1191 1231 232
1192 1193 292
1192 1232 328
1193 1194 835
1193 1233 65
1194 1195 170
1194 1234 147
1195 1196 721
1195 1235 589
1196 1197 47
1196 1236 801
1197 1198 683
1197 1237 36
1198 1199 651
1198 1238 904
1199 1239 522
1200 1201 358
1200 1240 379
1201 1202 930
1201 1241 862
1202 1203 723
1202 1242 439
1203 1204 32
1203 1243 329
1204 1205 85
1204 1244 925
1205 1206 434
1205 1245 942
1206 1207 817
1206 1246 190
1207 1208 252
1207 1247 169
1208 1209 415
1208 1248 124
1209 1210 598
1209 1249 799
1210 1211 704
1210 1250 189
1211 1212 788
1211 1251 517
1212 1213 141
1212 1252 805
1213 1214 846
1213 1253 327
1214 1215 850
1214 1254 51
1215 1216 829
1215 1255 214
1216 1217 178
1216 1256 757
1217 1218 196
1217 1257 713
1218 1219 243
1218 1258 654
1219 1220 676
1219 1259 292
1220 1221 136
1220 1260 536
1221 1222 553
1221 1261 868
1222 1223 604
1222 1262 504
1223 1224 59
1223 1263 38
1224 1225 552
1224 1264 127
1225 1226 277
1225 1265 275
1226 1227 477
1226 1266 664
1227 1228 150
1227 1267 516
1228 1229 777
1228 1268 876
1229 1230 491
1229 1269 105
1230 1231 757
1230 1270 915
1231 1232 616
1231 1271 886
1232 1233 811
1232 1272 781
1233 1234 87
1233 1273 613
1234 1235 414
1234 1274 414
1235 1236 954
1235 1275 151
1236 1237 187
1236 1276 516
1237 1238 406
1237 1277 524
1238 1239 142
1238 1278 581
1239 1279 27
1240 1241 655
1240 1280 281
1241 1242 177
1241 1281 442
1242 1243 224
1242 1282 936
1243 1244 902
1243 1283 807
1244 1245 324
1244 1284 668
1245 1246 651
1245 1285 279
1246 1247 189
1246 1286 746
1247 1248 214
1247 1287 921
1248 1249 194
1248 1288 142
1249 1250 380
1249 1289 721
1250 1251 550
1250 1290 601
1251 1252 101
1251 1291 582
1252 1253 132
1252 1292 109
1253 1254 576
1253 1293 4
1254 1255 89
1254 1294 192
1255 1256 824
1255 1295 104
1256 1257 891
1256 1296 692
1257 1258 809
1257 1297 502
1258 1259 601
1258 1298 741
1259 1260 726
1259 1299 248
1260 1261 873
1260 1300 728
1261 1262 993
1261 1301 47
1262 1263 72
1262 1302 172
1263 1264 196
1263 1303 143
1264 1265 738
1264 1304 931
1265 1266 550
1265 1305 94
1266 1267 151
1266 1306 494
1267 1268 122
1267 1307 244
1268 1269 152
1268 1308 722
1269 1270 216
1269 1309 242
1270 1271 786
1270 1310 931
1271 1272 388
1271 1311 704
1272 1273 404
1272 1312 505
1273 1274 324
1273 1313 323
1274 1275 992
1274 1314 551
1275 1276 880
1275 1315 1
1276 1277 33
1276 1316 35
1276 1463 921
1277 1278 793
1277 1317 896
1278 1279 359
1278 1318 253
1279 1319 263
1280 1281 800
1280 1320 246
1281 1282 549
1281 1321 660
1282 1283 106
1282 1322 154
1283 1284 627
1283 1323 547
1284 1285 824
1284 1324 521
1285 1286 478
1285 1325 39
1286 1287 704
1286 1326 370
1287 1288 21
1287 1327 776
1288 1289 725
1288 1328 479
1288 1456 122
1289 1290 407
1289 1329 699
1290 1291 297
1290 1330 102
1291 1292 748
1291 1331 128
1292 1293 716
1292 1332 17
1293 1294 374
1293 1333 355
1294 1295 476
1294 1334 82
1295 1296 259
1295 1335 334
1296 1297 507
1296 1336 820
1297 1298 794
1297 1337 935
1298 1299 390
1298 1338 910
1299 1300 85
1299 1339 665
1300 1301 433
1300 1340 18
1301 1302 97
1301 1341 551
1302 1303 427
1302 1342 134
1303 1304 691
1303 1343 269
1304 1305 90
1304 1344 133
1305 1306 421
1305 1345 142
1306 1307 864
1306 1346 870
1307 1308 627
1307 1347 265
1308 1309 861
1308 1348 668
1309 1310 490
1309 1349 313
1310 1311 993
1310 1350 938
1311 1312 600
1311 1351 906
1312 1313 590
1312 1352 509
1313 1314 361
1313 1353 588
1314 1315 208
1314 1354 397
1315 1316 359
1315 1355 553
1316 1317 555
1316 1356 683
1317 1318 790
1317 1357 299
1318 1319 103
1318 1358 959
1319 1359 793
1320 1321 324
1320 1360 714
1321 1322 11
1321 1361 448
1322 1323 703
1322 1362 952
1323 1324 60
1323 1363 195
1324 1325 840
1324 1364 317
1325 1326 837
1325 1365 198
1326 1327 447
1326 1366 624
1327 1328 336
1327 1367 810
1328 1329 720
1328 1368 349
1329 1330 947
1329 1369 550
1330 1331 714
1330 1370 643
1331 1332 958
1331 1371 89
1332 1333 32
1332 1372 800
1333 1334 270
1333 1373 296
1334 1335 905
1334 1374 325
1335 1336 886
1335 1375 2
1336 1337 988
1336 1376 753
1337 1338 973
1337 1377 188
1338 1339 935
1338 1378 639
1339 1340 970
1339 1379 227
1340 1341 405
1340 1380 137
1341 1342 676
1341 1381 989
1342 1343 557
1342 1382 643
1343 1344 807
1343 1383 313
1344 1345 44
1344 1384 996
1345 1346 843
1345 1385 686
1346 1347 783
1346 1386 206
1347 1348 509
1347 1387 173
1348 1349 788
1348 1388 965
1349 1350 8
1349 1389 370
1350 1351 60
1350 1390 212
1351 1352 39
1351 1391 734
1352 1353 763
1352 1392 277
1353 1354 330
1353 1393 888
1354 1355 757
1354 1394 654
1355 1356 325
1355 1395 859
1356 1357 623
1356 1396 196
1357 1358 579
1357 1397 208
1358 1359 209
1358 1398 688
1359 1399 576
1360 1361 342
1360 1400 136
1361 1362 945
1361 1401 660
1362 1363 529
1362 1402 932
1363 1364 315
1363 1403 880
1364 1365 323
1364 1404 29
1365 1366 20
1365 1405 816
1366 1367 332
1366 1406 722
1367 1368 884
1367 1407 545
1368 1369 242
1368 1408 160
1369 1370 860
1369 1409 504
1370 1371 9
1370 1410 872
1371 1372 644
1371 1411 922
1372 1373 968
1372 1412 31
1373 1374 561
1373 1413 87
1374 1375 378
1374 1414 154
1375 1376 121
1375 1415 671
1376 1377 132
1376 1416 386
1377 1378 111
1377 1417 616
1378 1379 553
1378 1418 506
1379 1380 955
1379 1419 828
1380 1381 537
1380 1420 137
1381 1382 655
1381 1421 257
1382 1383 505
1382 1422 60
1383 1384 526
1383 1423 293
1384 1385 984
1384 1424 410
1385 1386 128
1385 1425 164
1386 1387 405
1386 1426 8
1387 1388 737
1387 1427 986
1388 1389 917
1388 1428 443
1389 1390 998
1389 1429 554
1390 1391 5
1390 1430 639
1391 1392 323
1391 1431 120
1392 1393 170
1392 1432 834
1393 1394 712
1393 1433 401
1394 1395 830
1394 1434 60
1395 1396 308
1395 1435 611
1396 1397 122
1396 1436 131
1397 1398 983
1397 1437 977
1398 1399 593
1398 1438 92
1399 1439 497
1400 1401 804
1400 1440 172
1401 1402 591
1401 1441 884
1402 1403 427
1402 1442 167
1403 1404 80
1403 1443 47
1404 1405 514
1404 1444 898
1405 1406 695
1405 1445 423
1406 1407 736
1406 1446 734
1407 1408 853
1407 1447 370
1407 1561 794
1408 1409 259
1408 1448 690
1409 1410 167
1409 1449 442
1410 1411 203
1410 1450 163
1411 1412 229
1411 1451 479
1412 1413 82
1412 1452 588
1413 1414 264
1413 1453 516
1414 1415 929
1414 1454 761
1415 1416 81
1415 1455 165
1416 1417 538
1416 1456 360
1417 1418 495
1417 1457 109
1418 1419 217
1418 1458 990
1419 1420 829
1419 1459 658
1420 1421 427
1420 1460 303
1421 1422 181
1421 1461 133
1422 1423 791
1422 1462 150
1423 1424 696
1423 1463 344
1424 1425 230
1424 1464 468
1425 1426 575
1425 1465 860
1426 1427 474
1426 1466 233
1427 1428 70
1427 1467 753
1428 1429 194
1428 1468 685
1429 1430 11
1429 1469 185
1430 1431 751
1430 1470 201
1431 1432 361
1431 1471 967
1432 1433 630
1432 1472 814
1433 1434 10
1433 1473 280
1434 1435 306
1434 1474 446
1435 1436 746
1435 1475 741
1436 1437 21
1436 1476 308
1437 1438 324
1437 1477 525
1438 1439 829
1438 1478 180
1439 1479 73
1440 1441 124
1440 1480 122
1441 1442 63
1441 1481 970
1442 1443 179
1442 1482 174
1443 1444 125
1443 1483 735
1444 1445 53
1444 1484 461
1445 1446 360
1445 1485 393
1446 1447 139
1446 1486 643
1447 1448 971
1447 1487 888
1448 1449 535
1448 1488 277
1449 1450 263
1449 1489 653
1450 1451 571
1450 1490 447
1451 1452 6
1451 1491 648
1452 1453 911
1452 1492 722
1453 1454 203
1453 1493 976
1454 1455 161
1454 1494 388
1455 1456 967
1455 1495 253
1456 1457 5
1456 1496 878
1457 1458 803
1457 1497 107
1458 1459 316
1458 1498 199
1459 1460 558
1459 1499 676
1460 1461 570
1460 1500 771
1461 1462 939
1461 1501 932
1462 1463 704
1462 1502 362
1463 1464 31
1463 1503 86
1464 1465 601
1464 1504 793
1465 1466 643
1465 1505 58
1466 1467 902
1466 1506 488
1467 1468 622
1467 1507 679
1468 1469 131
1468 1508 948
1469 1470 171
1469 1509 88
1470 1471 759
1470 1510 663
1471 1472 74
1471 1511 189
1472 1473 359
1472 1512 80
1473 1474 165
1473 1513 363
1474 1475 59
1474 1514 904
1475 1476 60
1475 1515 538
1476 1477 226
1476 1516 900
1477 1478 89
1477 1517 136
1478 1479 978
1478 1518 211
1479 1519 700
1480 1481 798
1480 1520 859
1481 1482 349
1481 1521 816
1482 1483 534
1482 1522 694
1483 1484 552
1483 1523 275
1484 1485 33
1484 1524 846
1485 1486 694
1485 1525 707
1486 1487 250
1486 1526 480
1487 1488 423
1487 1527 216
1488 1489 827
1488 1528 922
1489 1490 58
1489 1529 518
1490 1491 262
1490 1530 348
1491 1492 447
1491 1531 267
1492 1493 932
1492 1532 348
1493 1494 324
1493 1533 33
1494 1495 743
1494 1534 32
1495 1496 125
1495 1535 200
1496 1497 790
1496 1536 538
1497 1498 849
1497 1537 186
1498 1499 333
1498 1538 102
1499 1500 819
1499 1539 978
1500 1501 668
1500 1540 114
1501 1502 843
1501 1541 445
1502 1503 878
1502 1542 257
1503 1504 361
1503 1543 959
1504 1505 289
1504 1544 717
1505 1506 108
1505 1545 746
1506 1507 659
1506 1546 785
1507 1508 101
1507 1547 322
1508 1509 175
1508 1548 799
1509 1510 991
1509 1549 778
1510 1511 451
1510 1550 691
1511 1512 992
1511 1551 24
1512 1513 668
1512 1552 692
1513 1514 593
1513 1553 590
1514 1515 585
1514 1554 867
1515 1516 426
1515 1555 157
1516 1517 350
1516 1556 272
1517 1518 425
1517 1557 403
1518 1519 107
1518 1558 136
1519 1559 168
1520 1521 903
1520 1560 228
1521 1522 983
1521 1561 834
1522 1523 667
1522 1562 390
1523 1524 580
1523 1563 412
1524 1525 88
1524 1564 491
1525 1526 800
1525 1565 758
1526 1527 7
1526 1566 749
1527 1528 869
1527 1567 128
1528 1529 718
1528 1568 241
1529 1530 364
1529 1569 977
1530 1531 586
1530 1570 279
1531 1532 287
1531 1571 896
1532 1533 165
1532 1572 466
1533 1534 322
1533 1573 834
1534 1535 390
1534 1574 570
1535 1536 877
1535 1575 2
1536 1537 358
1536 1576 622
1537 1538 943
1537 1577 137
1538 1539 566
1538 1578 814
1539 1540 695
1539 1579 228
1540 1541 929
1540 1580 420
1541 1542 538
1541 1581 677
1542 1543 973
1542 1582 147
1543 1544 474
1543 1583 834
1544 1545 828
1544 1584 830
1545 1546 703
1545 1585 218
1546 1547 114
1546 1586 769
1547 1548 508
1547 1587 292
1548 1549 372
1548 1588 883
1549 1550 849
1549 1589 933
1550 1551 45
1550 1590 938
1551 1552 987
1551 1591 939
1552 1553 35
1552 1592 250
1553 1554 516
1553 1593 542
1554 1555 65
1554 1594 806
1555 1556 493
1555 1595 398
1556 1557 127
1556 1596 909
1557 1558 703
1557 1597 863
1558 1559 359
1558 1598 223
1559 1599 46
1560 1561 579
1561 1562 665
1562 1563 72
1563 1564 142
1564 1565 573
1565 1566 894
1566 1567 777
1567 1568 308
1568 1569 316
1569 1570 637
1570 1571 413
1571 1572 542
1572 1573 996
1573 1574 462
1574 1575 397
1575 1576 359
1576 1577 604
1577 1578 768
1578 1579 281
1579 1580 42
1580 1581 993
1581 1582 879
1582 1583 770
1583 1584 587
1584 1585 94
1585 1586 921
1586 1587 419
1587 1588 658
1588 1589 823
1589 1590 854
1590 1591 780
1591 1592 27
1592 1593 32
1593 1594 386
1594 1595 407
1595 1596 189
1596 1597 728
1597 1598 914
1598 1599 417
